2 0 0 0 0.3461979166666667 0.21024074074074076 0.3170416666666667 0.14194444444444446
3 0 0 0 0.5216510416666666 0.27060185185185187 0.49249479166666665 0.21583333333333335
3 0 0 0 0.7169375 0.3306851851851852 0.68809375 0.2753333333333333
5 0 0 0 0.8478125 0.32222222222222224 0.8167552083333333 0.2713888888888889
5 0 0 0 0.94965625 0.37975925925925924 0.9173281249999999 0.3277777777777778
6 0 0 0 0.8833489583333333 0.49874999999999997 0.8535468749999999 0.4456851851851852
6 0 0 0 0.2909947916666667 0.6919444444444444 0.2592916666666667 0.6371759259259259
2 0 0 0 0.46834895833333334 0.7232592592592593 0.43665625 0.6634074074074074
5 0 0 0 0.5908177083333332 0.9184166666666667 0.5603958333333332 0.8574444444444445
5 0 0 0 0.6569635416666666 0.7782407407407408 0.62496875 0.7200925925925926
2 0 0 0 0.7772135416666667 0.8479074074074074 0.7394947916666667 0.7857962962962963
5 0 0 0 0.8871510416666666 0.9553796296296296 0.8548281249999999 0.8983055555555556
