3 0 0 0 0.5051510416666667 0.5444537037037037 0.49121875000000004 0.521824074074074
5 0 0 0 0.4704166666666667 0.5216018518518519 0.4555260416666667 0.4961574074074075
5 0 0 0 0.463203125 0.4023148148148148 0.44960416666666664 0.38132407407407404
4 0 0 0 0.48623437500000005 0.39525925925925925 0.46606250000000005 0.35689814814814813
7 0 0 0 0.5144895833333334 0.3442222222222222 0.5004479166666668 0.32080555555555557
1 0 0 0 0.5713281250000001 0.36318518518518517 0.5557083333333334 0.3446111111111111
1 0 0 0 0.5425104166666667 0.3928425925925926 0.530515625 0.36416666666666664
6 0 0 0 0.5636145833333334 0.5459537037037037 0.5498072916666666 0.5216944444444445
0 0 0 0 0.42644791666666665 0.5356666666666666 0.414203125 0.5102037037037037
0 0 0 0 0.4524270833333333 0.7428333333333333 0.4381458333333333 0.7177685185185185
8 0 0 0 0.3560625 0.3020833333333333 0.303796875 0.20513888888888887
8 0 0 0 0.31106770833333336 0.38969444444444445 0.27020312500000004 0.2797685185185185
2 0 0 0 0.4797864583333334 0.28517592592592594 0.46651562500000004 0.26261111111111113
