2 0 0 0 0.47665624999999995 0.17422222222222222 0.46459374999999997 0.1482037037037037
7 0 0 0 0.511515625 0.23547222222222222 0.49820833333333336 0.2116574074074074
1 0 0 0 0.5676614583333334 0.25254629629629627 0.5522760416666667 0.23318518518518516
4 0 0 0 0.48374999999999996 0.28632407407407406 0.46417187499999996 0.2513611111111111
5 0 0 0 0.45891145833333336 0.2918888888888889 0.44559375 0.26806481481481487
1 0 0 0 0.538234375 0.28261111111111115 0.5265989583333334 0.2550740740740741
5 0 0 0 0.46742187500000004 0.41224074074074074 0.4546614583333334 0.38689814814814816
0 0 0 0 0.42378645833333334 0.42660185185185184 0.411015625 0.402537037037037
3 0 0 0 0.502015625 0.43538888888888894 0.4890208333333333 0.409175925925926
6 0 0 0 0.5605989583333333 0.43560185185185185 0.5471354166666667 0.41067592592592594
8 0 0 0 0.34698958333333335 0.1966388888888889 0.2910729166666667 0.09500925925925925
8 0 0 0 0.3129947916666667 0.28023148148148147 0.27105208333333336 0.19572222222222221
0 0 0 0 0.44931770833333334 0.6341851851851852 0.434 0.6088425925925925
