5 0 0 0 0.213046875 0.18825 0.20519270833333333 0.17475925925925925
0 0 0 0 0.25364583333333335 0.2471759259259259 0.24526041666666668 0.23321296296296296
5 0 0 0 0.22542708333333333 0.21310185185185185 0.21757291666666667 0.1996111111111111
4 0 0 0 0.24798958333333332 0.19002777777777777 0.23787499999999998 0.16873148148148148
1 0 0 0 0.27028645833333337 0.1957037037037037 0.2597708333333334 0.18576851851851853
0 0 0 0 0.343046875 0.18900925925925927 0.3348072916666666 0.1734074074074074
0 0 0 0 0.3265625 0.27897222222222223 0.3174270833333333 0.2643240740740741
6 0 0 0 0.366625 0.18735185185185185 0.35865104166666667 0.1742037037037037
5 0 0 0 0.3694479166666667 0.22013888888888888 0.3603072916666667 0.20522222222222222
8 0 0 0 0.7390000000000001 0.3258518518518519 0.7058697916666667 0.24895370370370373
8 0 0 0 0.7445208333333333 0.45946296296296296 0.7193645833333333 0.3956574074074074
0 0 0 0 0.7488854166666666 0.6350185185185185 0.7369270833333333 0.6148055555555556
5 0 0 0 0.7249322916666666 0.6214166666666666 0.7145625 0.6043240740740741
6 0 0 0 0.6861406250000001 0.6290092592592593 0.6769635416666667 0.6129074074074075
5 0 0 0 0.5898541666666667 0.6250370370370371 0.5788697916666666 0.6070092592592593
5 0 0 0 0.5562916666666666 0.6203148148148149 0.5462708333333333 0.6027129629629631
3 0 0 0 0.5164479166666667 0.6372685185185185 0.5071510416666667 0.6196666666666667
3 0 0 0 0.45288541666666665 0.644287037037037 0.44266666666666665 0.6277037037037038
2 0 0 0 0.3958020833333334 0.646787037037037 0.38603125000000005 0.6257314814814814
6 0 0 0 0.39671875 0.8029907407407407 0.38692708333333337 0.7847222222222222
2 0 0 0 0.45397916666666666 0.7914444444444444 0.4434635416666667 0.7737129629629629
5 0 0 0 0.4997552083333333 0.8362407407407407 0.49014583333333334 0.8178703703703704
5 0 0 0 0.514625 0.7845092592592593 0.5042916666666667 0.7671018518518519
3 0 0 0 0.554328125 0.7916018518518518 0.5414583333333333 0.7741944444444444
6 0 0 0 0.6451614583333334 0.8035277777777777 0.6344635416666667 0.7861203703703703
0 0 0 0 0.8214895833333333 0.06667592592592593 0.806640625 0.04346296296296297
