3 0 0 0 0.08288020833333333 0.537462962962963 0.052390624999999996 0.4812407407407408
3 0 0 0 0.2599791666666667 0.3348240740740741 0.22811458333333337 0.2792962962962963
5 0 0 0 0.37860416666666663 0.7475092592592593 0.34610937499999994 0.6920462962962963
5 0 0 0 0.37951041666666663 0.92825 0.34556249999999994 0.867287037037037
2 0 0 0 0.21716666666666665 0.940037037037037 0.17647916666666663 0.8839166666666667
5 0 0 0 0.35455729166666666 0.18705555555555556 0.3238333333333333 0.12962037037037039
5 0 0 0 0.4494739583333333 0.11016666666666668 0.41999479166666664 0.05487037037037038
6 0 0 0 0.44701562499999997 0.27997222222222223 0.4142552083333333 0.22186111111111112
6 0 0 0 0.7523020833333334 0.4589537037037037 0.7191302083333334 0.40008333333333335
5 0 0 0 0.6147395833333333 0.6186018518518519 0.5811302083333333 0.5524351851851852
