4 0 0 0 0.45853125 0.13941666666666666 0.42480208333333336 0.07447222222222222
0 0 0 0 0.3959375 0.7675370370370371 0.37128645833333335 0.7182037037037038
3 0 0 0 0.491546875 0.4063611111111111 0.4678645833333333 0.35883333333333334
0 0 0 0 0.3493229166666667 0.3894444444444445 0.32656250000000003 0.3486851851851852
5 0 0 0 0.4285364583333333 0.3645833333333333 0.404640625 0.31507407407407406
5 0 0 0 0.41329166666666667 0.14735185185185184 0.38900520833333335 0.10820370370370369
1 0 0 0 0.5578489583333333 0.1277962962962963 0.5355052083333333 0.07699074074074075
1 0 0 0 0.6103385416666666 0.07496296296296295 0.5818281249999999 0.04059259259259258
7 0 0 0 0.5080572916666667 0.0427037037037037 0.48416145833333335 0.002861111111111106
6 0 0 0 0.5987604166666666 0.4067777777777778 0.5748802083333332 0.3648425925925926
8 0 0 0 0.13858854166666665 0.19661111111111113 0.04360937499999998 0.08140740740740741
