2 0 0 0 0.14764583333333334 0.3498148148148148 0.12029166666666667 0.28729629629629627
3 0 0 0 0.32571354166666666 0.31582407407407403 0.29556770833333335 0.26273148148148145
3 0 0 0 0.5240208333333334 0.26099074074074075 0.4986197916666667 0.21137037037037038
5 0 0 0 0.6455677083333333 0.19003703703703703 0.615421875 0.13942592592592593
5 0 0 0 0.7526041666666666 0.18755555555555556 0.723296875 0.13496296296296298
6 0 0 0 0.7104635416666666 0.3391388888888889 0.6800416666666665 0.28505555555555556
5 0 0 0 0.7891666666666667 0.7643703703703704 0.7604166666666666 0.710287037037037
6 0 0 0 0.9549583333333334 0.7239351851851852 0.9262083333333333 0.6703425925925925
5 0 0 0 0.540625 0.7217037037037037 0.5093645833333333 0.6646388888888889
5 0 0 0 0.501828125 0.8889166666666667 0.4705677083333333 0.8308611111111112
2 0 0 0 0.3533489583333333 0.7725648148148149 0.3170677083333333 0.7169907407407408
6 0 0 0 0.17765104166666665 0.840287037037037 0.14834374999999997 0.7871944444444444
