5 0 0 0 0.1390625 0.45859375 0.1390625 0.45859375
0 0 0 0 0.7671875 0.39609375 0.7671875 0.39609375
5 0 0 0 0.40625 0.49140625 0.40625 0.49140625
0 0 0 0 0.3890625 0.34921875 0.3890625 0.34921875
2 0 0 0 0.36484375 0.42890625 0.36484375 0.42890625
2 0 0 0 0.14765625 0.41328125 0.14765625 0.41328125
7 0 0 0 0.128125 0.5578125 0.128125 0.5578125
7 0 0 0 0.075 0.61015625 0.075 0.61015625
1 0 0 0 0.04296875 0.5078125 0.04296875 0.5078125
4 0 0 0 0.40703125 0.5984375 0.40703125 0.5984375
2 0 0 0 0.196875 0.13828125 0.196875 0.13828125
