5 0 0 0 0.21328125 0.18828125 0.20546875 0.17500000000000002
0 0 0 0 0.25390625 0.246875 0.2453125 0.2328125
5 0 0 0 0.22578125 0.21328125 0.21796875 0.2
4 0 0 0 0.24765625 0.18984375 0.2375 0.16875
1 0 0 0 0.2703125 0.19609375 0.26015625000000003 0.1859375
0 0 0 0 0.34296875 0.1890625 0.334375 0.1734375
0 0 0 0 0.3265625 0.27890625 0.31718749999999996 0.26406250000000003
6 0 0 0 0.36640625 0.1875 0.35859375 0.17421875
5 0 0 0 0.36953125 0.2203125 0.36015624999999996 0.20546875
5 0 0 0 0.7390625 0.32578125 0.7062499999999999 0.24921875000000002
5 0 0 0 0.74453125 0.459375 0.71953125 0.39531249999999996
0 0 0 0 0.74921875 0.63515625 0.7375 0.61484375
5 0 0 0 0.725 0.62109375 0.71484375 0.60390625
6 0 0 0 0.6859375 0.62890625 0.6765625 0.6125
5 0 0 0 0.58984375 0.625 0.57890625 0.60703125
5 0 0 0 0.55625 0.6203125 0.54609375 0.6023437500000001
3 0 0 0 0.51640625 0.6375 0.5070312499999999 0.61953125
3 0 0 0 0.453125 0.64453125 0.44296875 0.628125
2 0 0 0 0.39609375 0.646875 0.38593750000000004 0.62578125
6 0 0 0 0.396875 0.803125 0.38671875 0.78515625
2 0 0 0 0.45390625 0.79140625 0.44375000000000003 0.7734375
5 0 0 0 0.5 0.8359375 0.490625 0.8171875
5 0 0 0 0.51484375 0.784375 0.5046875000000001 0.7671875
3 0 0 0 0.5546875 0.79140625 0.5421875 0.77421875
6 0 0 0 0.6453125 0.80390625 0.6343749999999999 0.78671875
0 0 0 0 0.821875 0.06640625 0.80703125 0.04296875
