4 0 0 0 0.45859375 0.1390625 0.42500000000000004 0.07421875
0 0 0 0 0.39609375 0.7671875 0.37109375 0.71796875
3 0 0 0 0.49140625 0.40625 0.46796875 0.35859375
0 0 0 0 0.34921875 0.3890625 0.32656250000000003 0.34843749999999996
5 0 0 0 0.42890625 0.36484375 0.4046875 0.31562500000000004
5 0 0 0 0.41328125 0.14765625 0.3890625 0.10859374999999999
1 0 0 0 0.5578125 0.128125 0.53515625 0.07734374999999999
1 0 0 0 0.61015625 0.075 0.58203125 0.040624999999999994
7 0 0 0 0.5078125 0.04296875 0.48359375 0.0031250000000000028
6 0 0 0 0.5984375 0.40703125 0.57421875 0.36484375
5 0 0 0 0.13828125 0.196875 0.04296875 0.08203125
