1 0 0 0 0.23515625 0.51171875 0.23515625 0.51171875
7 0 0 0 0.25234375 0.56796875 0.25234375 0.56796875
5 0 0 0 0.2859375 0.48359375 0.2859375 0.48359375
2 0 0 0 0.2921875 0.45859375 0.2921875 0.45859375
7 0 0 0 0.2828125 0.53828125 0.2828125 0.53828125
2 0 0 0 0.4125 0.4671875 0.4125 0.4671875
0 0 0 0 0.4265625 0.4234375 0.4265625 0.4234375
5 0 0 0 0.43515625 0.50234375 0.43515625 0.50234375
4 0 0 0 0.4359375 0.5609375 0.4359375 0.5609375
2 0 0 0 0.196875 0.346875 0.196875 0.346875
2 0 0 0 0.28046875 0.31328125 0.28046875 0.31328125
0 0 0 0 0.634375 0.44921875 0.634375 0.44921875
