3 0 0 0 0.0828125 0.5375 0.052343749999999994 0.48124999999999996
3 0 0 0 0.26015625 0.33515625 0.22812499999999997 0.2796875
5 0 0 0 0.37890625 0.74765625 0.34609375 0.6921875000000001
5 0 0 0 0.3796875 0.928125 0.34609375000000003 0.8671875
2 0 0 0 0.2171875 0.93984375 0.1765625 0.88359375
5 0 0 0 0.3546875 0.18671875 0.32421875 0.12890625
5 0 0 0 0.44921875 0.11015625 0.41953125 0.0546875
6 0 0 0 0.446875 0.2796875 0.4140625 0.221875
6 0 0 0 0.75234375 0.45859375 0.71953125 0.4
5 0 0 0 0.61484375 0.61875 0.58125 0.55234375
