2 0 0 0 0.34609375 0.21015625 0.31718749999999996 0.1421875
3 0 0 0 0.521875 0.2703125 0.49296874999999996 0.215625
3 0 0 0 0.7171875 0.33046875 0.68828125 0.27499999999999997
5 0 0 0 0.84765625 0.321875 0.81640625 0.27109375
5 0 0 0 0.95 0.3796875 0.91796875 0.32734375
6 0 0 0 0.88359375 0.4984375 0.85390625 0.4453125
6 0 0 0 0.290625 0.6921875 0.25859375 0.6375
2 0 0 0 0.46796875 0.7234375 0.4359375 0.6632812499999999
5 0 0 0 0.590625 0.91875 0.5601562499999999 0.8578125
5 0 0 0 0.65703125 0.778125 0.625 0.7203124999999999
2 0 0 0 0.77734375 0.84765625 0.73984375 0.78515625
5 0 0 0 0.8875 0.95546875 0.85546875 0.8984375
