2 0 0 0 0.14765625 0.35 0.12031249999999999 0.2875
3 0 0 0 0.32578125 0.315625 0.29531250000000003 0.2625
3 0 0 0 0.52421875 0.2609375 0.4984375 0.2109375
5 0 0 0 0.6453125 0.18984375 0.6148437499999999 0.1390625
5 0 0 0 0.75234375 0.1875 0.72265625 0.13515625
6 0 0 0 0.71015625 0.3390625 0.6796875 0.28515625
5 0 0 0 0.7890625 0.7640625 0.76015625 0.7101562499999999
6 0 0 0 0.9546875 0.72421875 0.92578125 0.6703125
5 0 0 0 0.540625 0.721875 0.509375 0.6648437500000001
5 0 0 0 0.5015625 0.8890625 0.4703125 0.8312499999999999
2 0 0 0 0.353125 0.77265625 0.3171875 0.7171875000000001
6 0 0 0 0.17734375 0.840625 0.14765625 0.7875
