5 0 0 0 0.54453125 0.50546875 0.54453125 0.50546875
2 0 0 0 0.521875 0.4703125 0.521875 0.4703125
2 0 0 0 0.40234375 0.46328125 0.40234375 0.46328125
5 0 0 0 0.3953125 0.4859375 0.3953125 0.4859375
1 0 0 0 0.34453125 0.51484375 0.34453125 0.51484375
7 0 0 0 0.36328125 0.57109375 0.36328125 0.57109375
7 0 0 0 0.39296875 0.5421875 0.39296875 0.5421875
4 0 0 0 0.54609375 0.56328125 0.54609375 0.56328125
0 0 0 0 0.5359375 0.4265625 0.5359375 0.4265625
0 0 0 0 0.74296875 0.45234375 0.74296875 0.45234375
2 0 0 0 0.30234375 0.35625 0.30234375 0.35625
2 0 0 0 0.38984375 0.3109375 0.38984375 0.3109375
