2 0 0 0 0.4765625 0.17421875 0.46484375 0.1484375
7 0 0 0 0.51171875 0.23515625 0.4984375 0.21171875
1 0 0 0 0.56796875 0.25234375 0.55234375 0.23281249999999998
4 0 0 0 0.48359375 0.2859375 0.4640625 0.25078125
5 0 0 0 0.45859375 0.2921875 0.4453125 0.26875
1 0 0 0 0.53828125 0.2828125 0.5265625 0.25546875
5 0 0 0 0.4671875 0.4125 0.45468749999999997 0.38749999999999996
0 0 0 0 0.4234375 0.4265625 0.4109375 0.40234375
3 0 0 0 0.50234375 0.43515625 0.48906249999999996 0.40859375000000003
6 0 0 0 0.5609375 0.4359375 0.54765625 0.41093749999999996
5 0 0 0 0.346875 0.196875 0.29062499999999997 0.0953125
5 0 0 0 0.31328125 0.28046875 0.27109375 0.19609374999999998
0 0 0 0 0.44921875 0.634375 0.43359375 0.609375
