2 0 0 0 0.18828125 0.21328125 0.18828125 0.21328125
0 0 0 0 0.246875 0.25390625 0.246875 0.25390625
2 0 0 0 0.21328125 0.22578125 0.21328125 0.22578125
5 0 0 0 0.18984375 0.24765625 0.18984375 0.24765625
7 0 0 0 0.19609375 0.2703125 0.19609375 0.2703125
0 0 0 0 0.1890625 0.34296875 0.1890625 0.34296875
0 0 0 0 0.27890625 0.3265625 0.27890625 0.3265625
4 0 0 0 0.1875 0.36640625 0.1875 0.36640625
2 0 0 0 0.2203125 0.36953125 0.2203125 0.36953125
2 0 0 0 0.32578125 0.7390625 0.32578125 0.7390625
2 0 0 0 0.459375 0.74453125 0.459375 0.74453125
0 0 0 0 0.63515625 0.74921875 0.63515625 0.74921875
2 0 0 0 0.62109375 0.725 0.62109375 0.725
4 0 0 0 0.62890625 0.6859375 0.62890625 0.6859375
2 0 0 0 0.625 0.58984375 0.625 0.58984375
2 0 0 0 0.6203125 0.55625 0.6203125 0.55625
5 0 0 0 0.6375 0.51640625 0.6375 0.51640625
5 0 0 0 0.64453125 0.453125 0.64453125 0.453125
4 0 0 0 0.803125 0.396875 0.803125 0.396875
2 0 0 0 0.8359375 0.5 0.8359375 0.5
2 0 0 0 0.784375 0.51484375 0.784375 0.51484375
5 0 0 0 0.79140625 0.5546875 0.79140625 0.5546875
4 0 0 0 0.80390625 0.6453125 0.80390625 0.6453125
0 0 0 0 0.06640625 0.821875 0.06640625 0.821875
