3 0 0 0 0.50546875 0.54453125 0.49140625000000004 0.521875
5 0 0 0 0.4703125 0.521875 0.45546875000000003 0.49609375
5 0 0 0 0.46328125 0.40234375 0.44999999999999996 0.38125
4 0 0 0 0.4859375 0.3953125 0.465625 0.35703125
7 0 0 0 0.51484375 0.34453125 0.5007812500000001 0.32109375
1 0 0 0 0.57109375 0.36328125 0.55546875 0.34453125
1 0 0 0 0.5421875 0.39296875 0.53046875 0.36406249999999996
6 0 0 0 0.56328125 0.54609375 0.54921875 0.5218750000000001
0 0 0 0 0.4265625 0.5359375 0.4140625 0.51015625
0 0 0 0 0.45234375 0.74296875 0.43828125 0.7179687499999999
5 0 0 0 0.35625 0.30234375 0.30390625 0.20546875000000003
5 0 0 0 0.3109375 0.38984375 0.27031249999999996 0.2796875
2 0 0 0 0.4796875 0.28515625 0.46640624999999997 0.2625
